-11.00414700074198 21.901263598645883 0.41748929121843836
21.222352671364014 21.92345354738607 -19.333876681225654
-4.782839052188274 22.922864466361464 -25.5273961149937
14.995157712607481 20.92825972151609 6.596716843236414
11.291876851655385 23.073522553711804 -35.48369901616342
31.053777239728717 21.13777350246875 -3.2012961590016697
-36.97787747001223 23.63474830417343 -5.780440433668565
-17.134917569624108 21.649214342719123 26.443577788533627
-20.87686746742918 23.08804432459738 -15.615484747829045
-1.0843201788769983 21.10075887989243 16.50211013507006
-27.020824067574782 22.453166808210362 10.303877068304018
5.054107417787258 21.72763312176954 -9.40532199933953
