11.70777158361545 26.52398192422821 -34.86907106015147
-4.326938351685103 26.367553749018818 -24.990038910657756
-20.278659437620984 26.502268346389588 -15.167918543783754
21.54761478654532 25.423501969711012 -18.814236954438233
-35.924651146947355 27.048452256535928 -5.752878554561725
5.554424653495014 25.261645163604243 -8.955379621341898
-10.528813743402916 25.398117775358966 0.8725187257410623
31.29435941364635 24.678970513441232 -2.642284117514954
-26.54816320315792 25.912454451435632 10.830818232660237
15.657199830697355 24.449430981491627 6.830139815616126
-0.5344593148293972 24.61733074743565 16.845033727759873
-16.56523918758622 25.168764786728712 26.75448975434123
