-3.0262837325963377 -18.571896813436492 4.982920752096682
23.60302582397025 -4.026117150570519 4.887480217114399
-3.0474501354996955 -4.563647675653362 4.561408138175997
47.55502172692447 16.755092332782606 5.200691057537883
-3.243805445559844 16.14530628550652 4.1875380100658495
23.35572911545429 22.740965011512944 4.429885208322289
10.073652954777073 22.964628884854964 4.245022539977779
-3.439735404891101 22.04582670569067 4.184986819508673
-16.769149447966306 22.208248635139668 4.254650298152857
-30.167147339319804 22.2429955870285 4.363306662530779
-3.498090478027906 35.71745026994367 4.152485089030371
9.711994853249914 49.42708352544995 4.320461729287563
