-20.882746102031952 23.088520140891678 -15.630294114829901
-4.778102486780158 22.922240327165532 -25.52118370707644
11.29520458398248 23.07326902023962 -35.47941128369066
-36.97218184641824 23.634882042348703 -5.801213313575185
-1.4975220240750118 23.64252145545347 -38.71445474131913
-7.679227029071472 22.268934792775276 -12.627433364766253
8.410240190697346 22.291176030003435 -22.51196892231881
-23.69063936245778 22.615319870643656 -2.854619107889939
-17.60327225705287 23.661727676796858 -28.753257642618433
5.065194562153682 21.726630932544342 -9.413614611174602
21.22239616021093 21.92440220807295 -19.342643353527208
-33.69016352916401 24.019351028966398 -18.84822406715919
