11.295332390348559 23.072754899566647 -35.470921062345205
-4.771878988267133 22.917012828348874 -25.511845514480026
21.224592233752688 21.923802572930548 -19.339797620902832
-20.901576533458712 23.08780678120612 -15.629316042371965
-10.991346926799025 21.902101606179066 0.4150638108462126
-36.98055314671614 23.63430251175379 -5.7807634992579535
31.05396698717264 21.1371939273091 -3.2147292487995056
5.0553594556299055 21.729183593909262 -9.408546046088208
14.998092861039895 20.917244081111697 6.578693795497156
-27.010767053545575 22.453254096807367 10.303726227756522
-1.0739026166996462 21.095216475455874 16.493580430541993
-17.131738094669018 21.64896787509896 26.443022118480943
