-3.0534249567260674 -4.572031465914676 4.561485140329346
-3.495548839684939 35.71975737515711 4.152470241721076
47.435184699899175 16.738590195398572 5.198838281649066
9.71512806859957 49.427111512393765 4.320538651944826
10.04518111616381 22.969715829024906 4.244750061974723
10.110049346590477 8.720784459930568 4.430959255333022
-3.1767184509037945 8.500439321696343 4.349398719489506
-30.157985626814963 22.278772810347363 4.362945566557277
-3.4314914704031287 22.04307582827021 4.184899425668515
-3.502097370061176 16.1279658953855 4.189554103411962
23.603068061156957 -4.026057646334132 4.8875532177802885
-16.769152208449377 22.205999991347905 4.254729483407283
23.36262993985806 22.732209432064426 4.4326315205084255
-3.02627928863914 -18.568476371773592 4.982935423716056
9.847890424302769 35.55211924548319 4.2288832300162875
