-10.992992614286253 21.90133247074291 0.4219078067331224
21.230568152317314 21.923807755306424 -19.343569212639988
-4.785519543383798 22.92053815716993 -25.53522357154776
14.998026527954238 20.917408100787974 6.578825036470331
11.295332390348559 23.072754899566647 -35.470921062345205
31.050683391630127 21.13760943431966 -3.2272840872739357
-36.98055314671614 23.63430251175379 -5.780763499257954
-17.131738094669018 21.64896787509896 26.443022118480947
-20.89258811986969 23.086731526550107 -15.609522990466742
-1.073902616699646 21.095216475455874 16.493580430541993
-27.010767053545575 22.453254096807367 10.303726227756522
5.051873454642068 21.729436152237003 -9.437157678630532
