11.70777158361545 26.52398192422821 -34.86907106015147
-4.326938351685103 26.367553749018818 -24.990038910657756
-20.278186649368514 26.502255643204737 -15.168693892338066
21.532114671708477 25.422172287284145 -18.794295724972326
-35.924651146947355 27.048452256535928 -5.752878554561724
5.571533320327254 25.259858928631914 -8.968086519699657
-10.486846185770053 25.39993788314934 0.8447829726646354
31.29435941364635 24.678970513441232 -2.642284117514954
-26.559338436943563 25.912919196226547 10.8418201500769
15.650418389351799 24.445094381399414 6.832256295253275
-0.5344593148293972 24.61733074743565 16.845033727759873
-16.56523918758622 25.168764786728712 26.75448975434123
