-20.878318694104397 23.087104083701934 -15.61000655657179
-4.778102486780157 22.922240327165532 -25.52118370707644
11.295204583982482 23.07326902023962 -35.47941128369066
-36.97779152997352 23.634732265888807 -5.788875279116876
-1.4951886637452996 23.64253355823769 -38.71723111013608
-7.67832571801555 22.269343273943456 -12.62802944102265
8.411146324080637 22.29108719671984 -22.51199235206549
-23.69063936245778 22.615319870643656 -2.854619107889939
-17.618670011500324 23.66232540027764 -28.74868239168531
5.049122481423845 21.727097521599184 -9.412805294328644
21.22239616021093 21.92440220807295 -19.342643353527208
-33.69016352916401 24.019351028966394 -18.84822406715919
