-27.023769518723906 22.45417525086505 10.30455205019111
-17.124266444713832 21.648685314058614 26.447755580657034
5.045743702863425 21.72891711476715 -9.408732765213722
2.260500132728154 21.279997157465402 3.396871938565219
28.203569194192266 20.70614909463721 9.599597201126333
-4.770335079758228 22.920005739290914 -25.52450968807574
-7.681132224660755 22.27131378673893 -12.63138701619252
-23.70046757252396 22.616144430206326 -2.8595576794605346
-3.907243354022577 21.032718296404315 29.41460651377414
-1.4928598730485532 23.64231119476009 -38.71361697389533
18.270721634639624 21.300347297820515 -6.431395060839709
8.406077467039099 22.293481894681737 -22.515952840978755
21.229304974627322 21.926142751875926 -19.35257547237015
12.136333612854385 20.668873823996346 19.448461279541572
15.008349738913159 20.918046099373605 6.602158605576317
-10.988638752166592 21.901597719741414 0.4199072318767545
-33.69032243444148 24.020123257945933 -18.84672466160491
11.291848081172043 23.073326699425827 -35.479349654462425
-1.0854441909832997 21.096968859706898 16.495196998496457
-13.82737815376151 21.633989211604668 13.271926454434155
-36.97784066613978 23.635510747981474 -5.792310521777427
-17.604107541337225 23.661642523077113 -28.751232409477918
31.053747097606067 21.13784365279144 -3.2142988812890527
-20.893724619619423 23.088215543812474 -15.633863432308488
