11.70777158361545 26.52398192422821 -34.86907106015147
-4.351122640166615 26.36514699707195 -24.966578298159718
-20.276672308827113 26.50233870067078 -15.169076520981669
21.474618857898335 25.416312947330017 -18.737749945291753
-35.924651146947355 27.04845225653593 -5.752878554561724
5.887705306009163 25.267518366603436 -9.283918174366843
-10.690045495358829 25.399494054469862 1.041492759970719
31.29435941364635 24.678970513441232 -2.642284117514954
-26.525321539943782 25.91174786937781 10.803497675193235
15.536106342915929 24.436632449312167 6.92824223126601
-0.6650717430226796 24.60080682197701 16.938429740595172
-16.56523918758622 25.168764786728712 26.75448975434123
