-11.010504121372495 21.901629180456258 0.41850677740368175
21.227789444180424 21.92383276626421 -19.347081296529083
-4.770848436761422 22.920721825827744 -25.5139726540421
15.004688076614864 20.917368174746315 6.5859880557468555
11.291860400130437 23.07356593706451 -35.48360159959365
31.050683391630127 21.13760943431966 -3.2272840872739357
-36.984152347499325 23.634649483566122 -5.784610946721218
-17.131738094669018 21.64896787509896 26.443022118480943
-20.88709131944275 23.088454864098498 -15.615016096426208
-1.0824330556553856 21.09615488255616 16.485786557167334
-27.020824067574786 22.453166808210362 10.303877068304018
5.071889706055993 21.726688582906664 -9.405271749320772
