-11.003988968178376 21.903028823301746 0.42622668661796714
21.212138918554754 21.924271188436926 -19.350690540173538
-4.7706742819293595 22.920220003218745 -25.527765594037852
15.001537271868465 20.916964182507854 6.596909896517212
11.295332390348559 23.072754899566647 -35.470921062345205
31.04719060315843 21.136759834127247 -3.202102166771115
-36.98055314671614 23.63430251175379 -5.780763499257954
-17.131738094669018 21.64896787509896 26.443022118480947
-20.89445409925507 23.088405287949577 -15.643490217255804
-1.0884111254674105 21.097277095197636 16.504248655773402
-27.02790738685771 22.454563389091753 10.296464196266909
5.051869377555708 21.728546799985864 -9.429235527762689
