-22.560436220831967 34.344127570244964 -1.1598894919815064
-33.49348943965522 18.75744047139858 -0.9980993787841675
-20.1906668014255 21.28957170103569 -1.1231825422054222
-7.018296432824765 23.48175740112865 -1.1597931180281973
-4.597830586024924 10.485565343883666 -0.9933150345651378
8.4659284516742 12.58228291165113 -0.861292091488295
-2.326364509776808 -3.0529510124534087 -0.6978487635697629
10.823535281244828 -0.5899670804594951 -0.5855809075427243
23.961155864316076 1.7836587434727447 -0.3667884724253337
0.13945792665576232 -15.998025932158347 -0.3028239199344308
13.22739772948743 -13.684521912221399 -0.18963669134880845
