11.70777158361545 26.52398192422821 -34.86907106015147
-4.3758043634517705 26.363176921731934 -24.942950889850955
-20.25875410022778 26.501995053749468 -15.1874311788608
21.546530009040023 25.423045565623802 -18.80924511770126
-35.924651146947355 27.04845225653593 -5.752878554561724
5.564529090326766 25.260012617392384 -8.960745633104372
-10.498569477348678 25.399091372182763 0.8431801220076665
31.29435941364635 24.678970513441232 -2.642284117514954
-26.54816320315792 25.912454451435632 10.830818232660237
15.65719983069736 24.449430981491627 6.830139815616121
-0.5573662814502247 24.62006047759008 16.868741134792863
-16.56523918758622 25.168764786728712 26.75448975434123
