11.295332390348559 23.072754899566647 -35.470921062345205
-4.776076378071796 22.919671940953553 -25.536339885083763
21.230568152317314 21.923807755306424 -19.343569212639988
-20.88077935880629 23.08546801019116 -15.61219107167244
-10.991346926799025 21.902101606179063 0.41506381084621213
-36.987172722316636 23.634747946860617 -5.780298853787887
31.050683391630127 21.13760943431966 -3.2272840872739357
5.04514622669912 21.7295110213063 -9.432774044974803
15.001548801221844 20.916447736156762 6.586792599822538
-27.02792682197059 22.454748954994113 10.296593111999327
-1.073902616699646 21.095216475455874 16.493580430541993
-17.131738094669018 21.64896787509896 26.443022118480947
