11.70777158361545 26.52398192422821 -34.86907106015147
-4.335927164231985 26.36450310902109 -24.981215544568805
-20.276672308827113 26.50233870067078 -15.169076520981669
21.47461885789833 25.416312947330017 -18.737749945291753
-35.924651146947355 27.04845225653593 -5.752878554561724
5.898673576759407 25.266390641850204 -9.295363826097006
-10.67961836971339 25.399430063273247 1.0318372431656861
31.29435941364635 24.678970513441232 -2.642284117514954
-26.537158873318425 25.91185289856645 10.820247644450209
15.524482062459965 24.436013366035294 6.939825105785069
-0.5729726145012248 24.602378375506277 16.849104142281313
-16.565239187586215 25.168764786728712 26.75448975434123
