-11.019233932579404 21.89993877946434 0.4218930592829405
21.218985402734308 21.925129303775307 -19.336608745012846
-4.766126889280377 22.916851224286248 -25.515911236786536
15.004899208442104 20.917271015176407 6.582144795777818
11.298571563611057 23.072264020095147 -35.46696735651604
31.05992106529342 21.136372208960797 -3.200789169759172
-36.98369774052859 23.63465369608804 -5.78042620111468
-17.13890988891565 21.649342406950623 26.434999752347938
-20.87898846185202 23.08696052995185 -15.625142431941473
-1.0769550184648309 21.095172971915947 16.49745346071751
-27.031545064294853 22.454929327916364 10.30639238684141
5.055603196819905 21.729352319759077 -9.400549637960602
