11.709213755976004 26.524404162970704 -34.87341735602034
-4.305842235947383 26.36842979127735 -25.011599025248998
-20.269053608056502 26.50258772777021 -15.178383521559613
21.54761478654532 25.423501969711012 -18.814236954438233
-35.924651146947355 27.048452256535928 -5.752878554561724
5.555937697382197 25.261278077603023 -8.951848134712456
-10.473877510146403 25.40589342159545 0.8377270369594036
31.30985922956607 24.67913141126623 -2.6560231122722273
-26.559338436943563 25.912919196226547 10.8418201500769
15.657199830697355 24.449430981491627 6.830139815616126
-0.5344593148293972 24.61733074743565 16.845033727759873
-16.56523918758622 25.168764786728712 26.75448975434123
