-11.022612376545325 21.900740431847442 0.422253534493033
21.224592233752684 21.923802572930537 -19.339797620902832
-4.769030063098227 22.916733785255634 -25.51214250182054
15.011752534930766 20.91647051231325 6.573817181643599
11.298571563611057 23.072264020095147 -35.46696735651604
31.059894626129626 21.136240620826804 -3.1970298519211684
-36.987172722316636 23.634747946860617 -5.780298853787887
-17.13890988891565 21.649342406950623 26.434999752347938
-20.901576533458712 23.08780678120612 -15.629316042371965
-1.0800034886447352 21.095152186726285 16.49362672138447
-27.00738936664061 22.453239775348504 10.303650851995595
5.045794468439565 21.729289585175017 -9.412531276284192
