-20.892088558055626 23.087002373187445 -15.61038487944039
-4.774995049111771 22.922053209412987 -25.53052962056511
11.291848081172043 23.073326699425827 -35.479349654462425
-36.98363989945469 23.635011622980205 -5.784349107393165
-1.5013015589262357 23.642468186126457 -38.711927520433015
-7.676528749087479 22.27150343377444 -12.630932416298021
8.407270948331067 22.29295731730432 -22.512579057040526
-23.69292806647815 22.616577921369462 -2.8428805142043423
-17.60410754133723 23.661642523077113 -28.751232409477918
5.063074766653984 21.726932207470398 -9.395273159031868
21.215944587951956 21.92479040662157 -19.346303580824067
-33.69016352916401 24.01935102896639 -18.84822406715919
