-17.127708420642858 21.648951996933317 26.459748408382527
14.999934349081155 20.92645168933141 6.60165134232846
-11.007566244261522 21.90025735333431 0.4064472790702226
-1.0646771849424213 21.09757063191411 16.5027696876721
21.23367415563485 21.924877881806825 -19.346504522354355
31.056321662928518 21.139601727969904 -3.2022397990155986
-36.98793277746558 23.63605291347502 -5.791753037193808
-27.03008045274098 22.45423109505097 10.313219392652824
-4.774363935072694 22.921211074049758 -25.516986539644645
5.049671047011547 21.728546890114316 -9.420768593081112
-20.879757278465416 23.088694889731155 -15.615836769029691
11.295204583982482 23.07326902023962 -35.47941128369066
