11.291860400130439 23.0735659370645 -35.483601599593655
-4.773959463643274 22.922070393201565 -25.532049198726913
21.21690568351321 21.92276371340678 -19.333349288342003
-20.880388611190927 23.088101121919234 -15.615456394220189
-11.01977307455682 21.902313011815476 0.4189792258460132
-36.978338740952445 23.63463771246432 -5.7929737683550995
31.053922970309458 21.13739586637518 -3.2058706882944827
5.071775023274725 21.725033344910464 -9.415076991604256
14.987090892579396 20.916380805690853 6.598965491377148
-27.02082406757478 22.453166808210362 10.30387706830402
-1.0818574707875006 21.09730068037789 16.499845643291124
-17.124090409505087 21.64852555473011 26.455373445109856
