-20.89498230864332 23.088649241953483 -15.609863690196375
-4.761464902368205 22.92118415695045 -25.517587630458173
11.295204583982482 23.07326902023962 -35.47941128369066
-36.99031071387246 23.635893378497244 -5.781275975546737
-1.4951886637452994 23.64253355823769 -38.71723111013608
-7.672122127743484 22.26729213209918 -12.63338599549672
8.403582944512014 22.291159718176207 -22.515333033270014
-23.684947038488346 22.61438216932018 -2.8475448358757625
-17.618670011500324 23.66232540027764 -28.74868239168531
5.062461255276072 21.724518789895825 -9.415334484313387
21.227213149538272 21.925463685209042 -19.368953936579192
-33.69016352916401 24.019351028966394 -18.84822406715919
