11.70777158361545 26.52398192422821 -34.86907106015147
-4.335927164231985 26.36450310902109 -24.981215544568805
-20.267512425937646 26.501847173142767 -15.178553867034347
21.474618857898335 25.416312947330017 -18.737749945291753
-35.924651146947355 27.048452256535928 -5.752878554561724
5.8892053910303925 25.265940012500963 -9.28620984510448
-10.657558426369263 25.398696654828292 1.0033411252692641
31.29435941364635 24.678970513441232 -2.642284117514954
-26.526134114767842 25.91135662687835 10.809384494181499
15.40972667579227 24.43004598866163 7.042970517319572
-0.5939005878774977 24.60139641417125 16.869397033837405
-16.565239187586215 25.168764786728712 26.75448975434123
