-11.531087533811569 28.12748028562174 1.9798844896269716
-18.142959834572068 40.25785732759458 2.0109504196313224
-4.989587952244521 52.10448176827141 2.1574446939455
31.90493276854856 7.3538335341257675 2.8087916023395576
8.93585853640993 -6.4814597855822 2.562059338392703
36.734683565019886 25.777694875800766 2.8539111996714484
3.0684079608409944 9.70333016475669 2.190833359882169
25.23468297328007 19.12421903665974 2.52446772076301
-4.66093647799583 16.770505559082327 2.0658245533324475
15.808061143159824 -17.83566078333539 3.0208350632367655
-0.10314603060719119 34.81070290250107 2.0002551909860578
13.634166485664446 12.044046612531087 2.3294706274498465
