-3.0262837325963345 -18.571896813436496 4.982920752096684
-3.0474501354996955 -4.563647675653362 4.561408138175997
23.616062528072465 -4.026129957893053 4.88773094436629
-3.5056614984034398 16.12639381588971 4.189645507689582
47.496148134467965 16.758377291960535 5.199696173225884
-3.4955473520498037 35.72207131094012 4.152487729986476
-16.76915074936235 22.20823930409578 4.254635666744435
-3.439735404891101 22.04582670569067 4.184986819508673
10.03948930539827 22.97672033924446 4.244586096313996
-30.167144151560766 22.242962851726205 4.36327080650119
23.355367143438862 22.731980338973965 4.432074008639865
9.711995431288054 49.42708641203174 4.3204653524090695
