-17.124090409505094 21.6485255547301 26.45537344510986
15.00750670840344 20.922818234862653 6.589252415411413
-10.991850088761478 21.903872464245527 0.4253203015525897
-1.064686167859036 21.097484573569663 16.502683718816584
21.23072340568426 21.922836963863062 -19.33683292728926
31.04719060315843 21.136759834127247 -3.202102166771115
-36.98055314671614 23.63430251175379 -5.780763499257954
-27.02082406757478 22.453166808210362 10.30387706830402
-4.781670826027349 22.918560501517167 -25.52238151804675
5.063648169878743 21.73100306843812 -9.41834455693361
-20.895890138271394 23.086288682380083 -15.616318629293621
11.291860400130439 23.07356593706451 -35.48360159959365
