-22.555212339695288 34.35654266673759 -1.1596630691619019
-33.49343747581198 18.757643745737763 -0.997847015103266
-20.18764912037062 21.289720043210135 -1.1230210877864375
-6.9903410710559655 23.48256902298977 -1.159688698097346
-4.606975456804033 10.479896816894655 -0.9931870601293479
8.462673250003728 12.582377228776773 -0.8611873431775149
-2.310097922989035 -3.0468486774368357 -0.6976687731764458
10.821884390460239 -0.566637062595342 -0.5583851374548408
23.95300571318635 1.7756456540569923 -0.3666244123887081
0.1394044766288208 -15.998004297501481 -0.3028121242973377
13.217582968861791 -13.684429471700573 -0.1896772271323961
